id_person,gender,age,status,employment,account_link,supplement,base_value,tag
33677,1,32,2,3,0,1,729.3,1
33707,1,57,1,3,0,0,384.1,0
33734,1,21,3,1,0,0,683.8,1
33755,1,27,1,3,0,0,143,0
33817,0,19,2,5,0,1,183.3,1
33824,0,60,3,1,0,1,862.5,1
33857,0,19,2,2,0,1,55.1,1
33879,1,68,1,4,0,0,210,0
33893,1,19,1,5,1,0,310.9,0
33958,0,24,2,1,0,1,623.9,1
33992,1,56,1,3,0,0,35.7,0
34013,1,24,1,1,0,0,344.7,0
34042,1,59,3,3,0,1,518.2,0
34093,0,19,2,5,0,0,40.7,0
34106,1,68,2,4,0,1,36.3,1
34122,1,67,1,3,0,0,82.5,0
34215,1,26,3,3,0,0,560,0
34263,1,26,2,3,0,1,730.7,0
34285,0,26,1,3,0,0,365.8,0
34347,1,68,1,4,0,0,196.1,0
34390,1,53,2,5,0,0,714.9,0
34435,0,27,1,3,0,0,41.3,0
34469,0,43,3,3,0,0,37.7,0
34488,1,61,2,3,0,0,733.7,0
34637,0,99,2,3,0,0,731.7,0
34671,0,43,2,3,0,0,102.8,0
34712,0,67,3,3,0,0,862.5,0
34716,1,29,3,3,0,0,1081.4,0
34721,1,18,3,2,0,0,35,0
34741,1,45,3,3,0,0,1061.1,0
34762,1,68,1,4,0,0,320.6,0
34768,1,66,2,4,0,1,733.7,1
34793,1,22,2,3,0,0,130,1
34841,0,47,2,3,0,0,654.5,1
34871,0,45,2,3,0,1,130,1
34879,0,66,1,4,0,0,131,1
34894,0,60,2,3,0,1,329.5,0
34917,0,19,2,5,1,0,36.8,0
34941,0,68,2,4,0,0,696.6,1
34958,1,57,3,5,0,0,53.8,1
34973,1,20,2,1,0,0,91.5,1
34989,1,65,2,3,0,0,50.9,1
35037,1,68,1,4,1,0,45,0
35093,1,35,3,5,0,0,43.6,0
35169,1,65,3,5,1,0,601.8,1
35176,1,45,3,3,1,0,942.5,0
35253,0,21,3,5,0,1,1083,1
35281,0,35,2,3,1,0,36.8,1
35282,1,65,1,4,1,0,39.9,0
35294,1,68,1,4,0,0,377,0
35304,0,21,1,2,0,0,369.4,0
35356,1,68,1,4,0,0,196.1,0
35395,0,21,3,3,1,0,92.5,0
35430,0,32,3,5,0,0,1076.4,0
35432,0,19,2,3,0,0,493.8,0
35443,1,65,1,4,1,1,68.9,0
35444,0,24,1,3,0,1,385,0
35460,0,45,1,3,0,0,41.3,0
35483,0,32,2,3,0,1,39.3,1
35498,0,56,1,3,0,0,237.7,0
35543,0,18,3,2,0,0,65.2,0
35565,0,18,1,2,1,0,383.8,0
35608,0,67,3,4,0,0,257.5,0
35702,0,67,3,4,0,0,38.6,1
35725,0,66,1,4,0,1,36.6,0
35734,0,68,2,4,1,1,725.3,0
35750,0,18,3,3,0,0,1027.5,0
35764,0,21,2,2,0,0,37.4,1
35784,0,67,2,5,0,1,251,1
35813,0,68,1,4,0,0,75.3,0
35829,0,54,1,3,0,0,385,0
35916,0,39,1,3,0,1,382.8,0
35970,0,25,1,3,0,1,264.4,0
36046,0,18,2,5,0,0,493.8,1
36067,0,53,1,1,0,1,375,1
36076,0,39,2,1,1,1,50.9,1
36105,0,20,1,2,1,1,131,1
36133,0,67,2,3,0,0,667.2,1
36161,0,53,1,3,0,0,237.7,0
36176,0,68,2,4,0,1,302.5,1
36195,0,68,1,5,0,0,196.1,0
36196,0,43,1,3,0,0,109.2,0
36234,0,33,1,3,0,0,289,0
36257,0,43,1,3,0,0,109.2,0
36266,0,27,1,3,1,1,382.1,0
36280,0,53,2,3,0,0,623.9,1
36294,0,61,2,3,0,0,37.4,1
36318,0,57,2,3,0,0,722.5,1
36365,0,25,2,3,1,0,50.9,0
36424,0,51,3,3,0,0,41.5,0
36432,0,19,1,1,0,0,45,0
36445,0,18,2,3,0,0,606.2,1
36459,0,63,3,4,0,0,761,0
36466,0,18,1,2,0,0,351.1,0
36480,0,18,2,2,0,1,727.5,1
36509,0,33,1,3,0,0,351.1,0
36524,0,21,3,2,0,1,41.5,1
36542,0,68,1,4,0,0,47.6,0
36569,1,56,2,3,0,0,276.2,1
36596,1,21,1,5,0,0,196.1,0
36613,0,61,2,3,0,1,565.6,1
36681,0,18,1,2,0,0,37.9,0
36697,1,19,3,3,0,0,601.8,0
36716,0,20,2,3,0,1,204.4,0
36737,1,47,3,5,0,0,1085,1
36749,0,33,3,5,0,0,53.8,0
36769,1,47,2,3,0,0,623.9,0
36802,1,22,2,2,0,0,55.1,1
36818,1,67,2,4,0,0,733.7,1
36829,1,18,2,5,0,0,731.7,0
36860,0,68,3,4,0,0,830.9,0
36877,0,19,2,1,0,0,329.5,1
36908,0,51,1,3,0,0,375,0
36914,0,66,2,4,0,0,719.1,1
36931,0,20,3,1,0,0,105.2,1
36952,0,68,1,4,0,0,384.4,1
37029,0,18,1,3,0,0,375,0
37127,1,66,2,4,0,0,709.8,1
37132,0,68,1,4,0,0,143,0
37135,0,59,2,3,0,0,36.8,0
37150,0,18,3,2,0,1,683.8,1
37227,0,47,2,3,0,0,440.5,0
37245,1,68,1,3,0,0,35,0
37267,0,18,2,1,0,0,467.5,1
37273,1,68,1,4,0,0,155.6,0
37276,0,26,2,1,0,0,678.5,1
37313,1,18,2,2,0,0,146.1,1
37320,0,19,1,3,0,0,300.3,0
37378,0,30,2,3,0,0,50.9,0
37400,0,63,1,4,0,0,43,0
37419,1,43,3,3,0,0,228.3,1
37435,1,18,2,3,0,0,204.4,0
37437,0,67,2,4,0,0,714.9,0
37448,1,29,1,3,0,0,155.6,0
37470,0,68,2,5,1,0,696.6,1
37487,1,67,3,4,1,0,1027.5,1
37504,0,32,1,3,1,0,384.1,0
37520,1,65,3,4,0,0,39.9,0
37530,1,68,2,4,1,0,709.8,1
37561,0,22,1,5,0,0,131,0
37593,0,45,3,3,1,0,476.8,0
37607,0,21,1,3,0,0,37.9,0
37675,0,49,1,5,0,0,378.8,0
37700,0,68,2,5,0,0,696.6,0
37719,1,33,1,3,1,0,39.9,0
37744,1,56,2,3,0,0,733.2,0
37761,1,60,3,3,0,0,177.4,0
37794,0,68,1,3,0,1,382.8,0
37808,1,27,2,5,0,1,732.6,1
37832,1,21,1,1,0,0,131,1
37857,0,18,1,1,0,0,35.7,0
37912,0,67,1,4,0,0,223.9,1
37927,1,18,1,5,0,0,329.5,0
37935,0,68,2,4,1,0,36.8,0
37983,0,18,2,5,1,0,667.2,1
37999,0,19,1,5,0,0,109.2,0
38029,1,68,3,4,1,0,761,1
38035,1,20,2,1,0,0,47.5,1
38050,0,68,1,4,0,0,155.6,0
38076,0,59,2,3,0,0,204.4,0
38123,1,68,1,4,0,0,380.1,0
38140,1,27,2,3,0,0,130,0
38142,0,51,3,5,0,0,39.9,0
38151,0,66,2,4,1,0,467.5,0
38175,0,54,2,3,0,0,730.7,0
38177,1,18,3,5,0,0,359,1
38204,0,23,2,2,0,0,39.3,1
38265,1,25,1,5,1,0,310.9,0
38277,1,18,3,5,0,0,155.8,0
38320,0,45,3,3,0,1,155.8,1
38377,0,49,3,3,0,1,983.4,0
38386,1,60,2,5,1,0,251,0
38403,0,56,1,3,0,0,75.3,0
38431,0,30,3,1,0,0,105.2,1
38439,1,35,1,5,0,0,385,0
38470,1,67,3,4,0,0,1082.3,0
38484,0,68,1,4,0,0,196.1,0
38517,0,61,2,3,0,0,163.8,0
38554,1,20,3,5,0,1,1027.5,1
38560,1,18,1,2,1,0,384.1,0
38583,0,26,2,3,0,0,60.2,0
38598,0,43,2,3,0,0,37.4,1
38624,0,49,3,3,0,0,37.7,0
38647,0,68,1,5,0,0,289,0
38652,0,68,3,4,0,1,1047.3,1
38677,1,66,1,4,0,0,75.3,0
38701,1,43,1,3,0,1,58.4,0
38744,0,61,2,1,0,0,440.5,1
38776,0,19,2,3,0,0,654.5,1
38794,1,66,2,4,1,0,440.5,1
38836,1,56,1,3,0,0,35.7,0
38845,1,18,2,1,0,0,719.1,1
38895,0,19,3,5,0,0,136.6,1
38929,0,67,3,4,0,0,1083,0
38935,0,18,2,5,0,0,519,0
38986,0,20,2,1,0,0,276.2,1
38998,1,41,2,1,0,0,130,1
39044,1,19,3,2,1,0,49.6,1
39063,0,37,3,5,0,0,476.8,0
39073,1,37,3,5,0,0,1066.2,1
39096,1,19,2,2,1,1,66.2,1
39116,1,68,2,4,0,0,276.2,1
39140,0,33,2,3,0,1,733.7,0
39169,1,18,1,3,0,0,39.9,1
39183,0,20,3,2,0,1,43.6,1
39208,1,19,1,5,0,0,35.7,0
39215,1,57,3,1,0,0,918.4,1
39238,0,68,2,4,1,0,60.2,1
39259,0,19,2,2,0,0,493.8,1
39301,1,26,2,5,0,0,38.3,1
39366,0,68,1,4,0,0,35.9,0
39464,1,27,1,3,0,0,43,0
39482,1,37,2,3,0,0,35,1
39644,0,68,1,4,0,1,41.3,0
39710,1,65,2,5,0,0,47.5,1
39731,1,68,3,4,0,0,119.8,0
39748,1,68,2,5,0,1,81.8,1
39758,0,19,1,5,0,0,75.3,0
39763,0,65,3,4,1,0,1073.7,0
39772,1,68,2,5,0,1,623.9,1
39792,0,47,3,1,0,0,683.8,1
39814,0,66,1,4,0,0,251.3,0
39843,1,19,3,2,0,0,72.7,0
39844,0,18,2,1,0,0,696.6,1
39929,1,21,1,2,0,0,35.7,0
39954,0,39,2,1,0,1,725.3,1
39965,1,68,2,3,1,0,719.1,1
39989,1,37,1,5,1,0,310.9,0
40002,1,53,1,1,0,0,381.3,0
40006,1,27,2,5,0,0,42.5,0
40042,0,35,2,1,0,0,329.5,1
40049,1,18,2,3,1,0,412.9,1
40106,0,49,2,3,0,0,467.5,0
40111,1,68,2,4,1,0,73.4,1
40118,0,21,3,5,0,0,65.2,0
40125,0,20,2,5,0,0,729.3,0
40157,0,39,1,3,0,0,99.4,0
40169,0,19,2,3,0,0,73.4,0
40172,1,18,2,3,0,0,357.1,0
40184,1,25,1,3,0,1,58.4,0
40211,1,20,3,5,0,1,53.8,1
40234,1,51,2,3,0,1,36.8,1
40292,1,18,1,3,1,0,39.9,0
40333,0,67,2,4,0,0,276.2,1
40344,0,62,3,5,0,0,1083,0
40366,0,62,1,4,0,0,38.8,0
40410,1,57,1,3,0,0,68.9,0
40413,1,68,1,4,1,0,351.1,0
40508,1,53,1,3,0,0,344.7,0
40521,1,37,1,3,0,1,36.6,0
40541,1,19,3,2,0,0,92.5,0
40565,0,19,2,5,0,0,227,1
40569,1,66,1,4,0,0,385,0
40573,0,25,3,3,0,1,436.2,0
40585,1,68,3,5,1,0,46.3,1
40606,1,67,2,4,1,0,722.5,1
40641,1,68,3,3,0,0,37,0
40659,1,19,3,3,0,0,1014.8,0
40697,0,30,2,5,1,1,678.5,1
40706,1,33,2,1,0,1,50.9,1
40724,0,29,1,1,1,0,383.4,0
40743,1,24,2,2,0,1,727.5,0
40777,0,33,2,3,0,1,735,1
40782,0,68,3,4,0,0,436.2,0
40805,1,68,3,5,0,1,201.6,1
40859,1,47,1,3,1,0,251.3,0
40876,1,20,1,2,0,0,385,0
40879,0,19,1,1,0,0,155.6,0
40924,0,33,1,5,0,0,375,0
40945,1,19,2,5,0,1,709.8,1
40947,1,68,1,4,0,0,380.1,0
40954,0,35,2,1,0,0,357.1,1
40975,0,18,3,2,1,1,1078.5,1
40999,1,30,3,3,0,1,72.7,1
41057,0,33,2,3,0,0,565.6,0
41089,0,60,3,1,0,0,65.2,1
41102,1,49,3,3,0,0,1078.5,0
41108,0,19,1,5,0,0,43,0
41135,1,37,2,3,1,1,467.5,0
41160,0,49,3,3,0,0,1080.1,0
41183,1,26,3,3,0,0,1073.7,0
41205,0,21,3,5,0,0,643.2,0
41216,0,67,1,4,0,0,380.1,0
41220,1,47,3,1,1,0,43.6,1
41341,0,25,1,3,0,1,39.9,0
41342,1,67,1,4,0,0,223.9,0
41387,0,32,3,1,0,0,359,0
41443,0,54,3,3,1,0,38.6,0
41487,1,49,2,3,0,0,251,1
41511,0,68,2,4,0,0,729.3,1
41537,0,20,3,5,0,0,797,0
41551,0,60,2,3,0,0,733.2,0
41609,1,68,3,4,0,1,155.8,1
41624,1,66,1,4,1,0,264.4,0
41644,1,66,1,4,0,0,47.6,0
41655,0,68,2,5,0,0,727.5,1
41659,1,43,3,3,1,0,46.3,0
41666,1,23,1,3,0,0,168.7,0
41673,0,25,3,3,0,0,37.7,0
41709,0,66,1,4,0,0,131,0
41710,0,53,2,3,0,0,73.4,0
41729,0,21,1,3,0,1,182.3,0
41771,1,68,3,4,0,0,518.2,0
41773,1,19,1,3,0,0,381.3,0
41821,0,20,1,3,0,0,90.5,0
41884,1,59,2,5,0,0,640,1
41905,0,18,2,3,0,0,385,0
41914,0,18,1,3,0,1,47.6,0
41924,1,67,2,4,0,0,163.8,1
41933,0,67,1,4,0,0,384.1,0
41973,1,41,2,3,0,0,329.5,0
41982,0,61,2,3,0,0,731.7,0
42012,1,51,3,3,0,1,53.8,0
42043,0,32,2,3,0,1,543,1
42064,0,57,3,3,0,0,396.8,0
42103,1,65,3,4,0,1,983.4,1
42164,0,53,3,3,0,0,177.4,0
42183,0,68,2,3,0,0,543,0
42187,0,68,2,4,0,0,719.1,1
42203,1,67,1,4,0,1,381.3,0
42216,0,18,1,2,0,0,237.7,0
42257,1,61,3,3,0,0,1081.4,0
42268,1,57,3,3,0,0,761,0
42317,0,53,3,5,0,0,1054.8,0
42385,0,18,3,2,0,0,643.2,0
42464,0,66,1,3,0,1,310.9,0
42504,1,37,1,3,0,0,68.9,0
42516,0,21,1,2,0,0,47.6,0
42535,0,30,3,3,0,0,1082.3,0
42570,0,39,3,3,0,0,323,0
42612,1,19,1,2,0,0,99.4,0
42662,1,23,1,1,0,0,109.2,0
42781,1,33,1,1,0,0,131,0
42815,0,68,2,4,1,0,36.3,1
42831,0,68,2,3,0,0,130,0
42834,1,67,1,4,0,0,277,0
42869,0,47,2,3,0,0,302.5,0
42894,1,51,2,5,0,0,183.3,1
42899,1,22,2,1,0,0,725.3,0
42920,0,41,2,3,0,0,183.3,0
42932,1,19,2,2,0,1,276.2,1
42977,1,68,2,4,0,0,302.5,1
42983,0,20,3,2,0,0,891.7,0
43028,1,21,3,1,0,0,65.2,1
43045,0,25,3,5,0,0,476.8,0
43061,0,20,1,1,0,1,320.6,0
43062,1,18,3,5,0,0,43.6,1
43063,1,62,2,5,0,0,102.8,1
43095,1,33,2,3,0,0,36.3,1
43112,0,62,2,4,0,0,146.1,1
43126,1,21,1,5,0,0,43,0
43135,1,19,1,3,0,0,385,1
43144,0,51,2,3,0,0,36.3,0
43159,0,67,3,4,0,0,1082.3,0
43240,1,24,2,3,0,0,606.2,1
43243,1,68,3,3,0,0,1076.4,0
43259,1,61,3,3,0,0,43.6,0
43270,1,30,1,1,0,0,344.7,0
43321,1,37,1,3,0,0,143,0
43350,0,59,1,3,0,0,380.1,1
43363,0,68,3,4,0,0,436.2,0
43377,0,27,1,3,1,1,375,0
43388,1,67,1,4,0,0,37.2,0
43404,1,21,3,2,0,0,560,0
43413,1,68,3,5,0,0,396.8,0
43424,1,64,2,4,0,0,606.2,1
43426,0,19,1,2,0,0,310.9,0
43461,1,39,1,3,0,1,109.2,0
43500,0,25,1,3,0,1,143,0
43543,1,19,2,3,0,0,36.3,0
43556,1,47,2,1,0,0,467.5,1
43605,0,64,2,4,0,0,731.7,1
43663,1,60,3,3,0,0,1076.4,0
43665,0,26,3,3,0,0,1085,0
43684,1,65,1,4,0,0,143,0
43711,1,21,3,1,0,0,1073.7,1
43742,1,26,2,3,1,1,183.3,1
43762,0,49,2,3,0,0,733.7,1
43818,1,19,1,3,0,0,35.7,1
43857,1,54,3,3,0,0,1081.4,0
43878,1,18,1,1,0,0,39.9,0
43888,0,62,3,4,0,0,53.8,0
43891,1,18,1,2,0,0,155.6,0
43922,1,68,1,3,0,0,58.4,0
43962,1,21,1,2,1,0,351.1,0
43963,1,65,2,3,0,0,730.7,1
43974,0,25,3,3,0,0,983.4,0
44026,1,68,2,3,0,0,565.6,1
44090,0,20,3,2,0,0,476.8,0
44101,1,68,1,5,0,0,351.1,0
44159,0,54,2,3,0,0,385,1
44208,0,41,3,1,0,0,323,1
44228,1,68,2,4,0,0,606.2,1
44345,1,25,2,3,0,0,385,1
44368,1,56,3,3,0,0,1082.3,0
44378,1,56,2,1,1,0,183.3,1
44395,1,32,2,1,0,0,543,1
44447,0,32,1,1,0,0,58.4,0
44475,0,62,3,5,0,0,1047.3,0
44480,1,21,1,2,0,0,168.7,0
44487,0,49,3,3,0,0,177.4,0
44496,0,18,1,2,0,0,378.8,0
44571,0,18,2,2,0,0,412.9,1
44588,0,68,1,4,0,1,63.3,0
44590,1,57,2,3,0,0,722.5,1
44615,1,43,2,3,1,0,36.3,1
44639,1,37,1,3,0,0,35,0
44665,0,61,2,3,0,0,38.3,0
44688,0,56,2,5,0,0,385,0
44695,0,62,3,4,0,0,797,0
44711,0,59,2,3,0,1,60.2,1
44731,1,68,1,4,0,0,382.1,0
44774,1,65,2,4,0,1,66.2,0
44779,0,68,2,4,0,0,606.2,1
44868,1,20,2,3,0,0,329.5,1
44919,0,18,2,2,0,1,66.2,0
44984,0,35,3,3,0,0,65.2,0
45002,1,18,3,2,0,0,257.5,1
45020,1,47,2,1,0,0,440.5,1
45028,1,20,1,3,0,0,383.8,0
45068,0,57,2,3,0,1,55.1,1
45091,1,68,1,4,0,0,369.4,0
45133,1,67,3,4,0,1,964.2,1
45172,1,19,1,3,1,0,131,0
45194,0,57,3,3,1,0,228.3,1
45199,1,39,3,3,0,0,41.5,0
45215,1,23,3,1,0,0,1066.2,1
45234,0,51,3,5,0,0,983.4,0
45284,1,67,1,5,0,0,277,0
45307,1,39,1,1,0,0,58.4,0
45309,0,53,2,3,0,0,678.5,1
45312,0,19,2,5,0,0,667.2,1
45355,1,61,2,1,0,0,543,1
45356,0,67,3,4,0,0,862.5,1
45381,1,43,3,3,0,0,1081.4,0
45409,0,29,3,5,1,0,830.9,0
45452,0,20,1,3,0,0,264.4,0
45488,1,68,1,4,0,1,47.6,0
45502,1,64,1,5,0,0,131,0
45542,1,57,2,1,0,0,733.7,1
45560,1,21,2,1,1,0,722.5,1
45577,0,18,2,2,0,0,731.7,0
45598,0,18,2,3,0,0,722.5,0
45613,0,51,1,5,1,0,41.3,1
45616,0,45,2,3,1,0,357.1,0
45666,1,60,2,3,0,0,38.3,0
45686,1,51,2,5,0,0,102.8,1
45704,0,67,1,4,0,0,378.8,0
45735,1,18,2,2,0,0,722.5,1
45748,0,57,3,3,0,0,289.1,0
45778,1,39,1,5,0,0,382.8,0
45820,0,30,1,1,0,0,43,0
45838,0,68,2,4,0,0,50.9,1
45842,1,18,2,3,0,0,102.8,0
45847,1,37,3,5,0,1,1061.1,1
45862,1,22,1,3,1,0,210,0
45886,0,21,3,1,0,0,518.2,0
45903,1,53,1,3,0,1,380.1,0
45931,0,19,2,3,0,0,91.5,0
45950,1,67,2,4,0,0,732.6,1
45971,1,67,3,4,1,0,683.8,0
45976,1,67,2,4,0,0,733.2,0
46009,0,25,3,3,0,1,436.2,0
46016,0,26,1,5,0,1,35.9,0
46034,0,66,3,4,0,0,46.3,0
46062,0,19,3,3,1,0,1080.1,0
46163,1,63,2,4,0,0,654.5,1
46194,1,45,1,1,0,0,58.4,0
46247,0,57,2,3,0,0,276.2,1
46284,1,66,1,4,0,0,372.4,0
46340,0,22,2,3,0,0,302.5,0
46362,0,67,3,4,0,0,1076.4,0
46406,0,53,2,3,0,1,735,1
46415,1,67,3,3,1,0,1014.8,0
46428,1,18,1,2,0,1,58.4,0
46487,0,18,2,1,0,1,130,1
46502,1,24,1,1,0,0,384.1,0
46537,0,45,2,3,0,0,732.6,0
46548,0,60,3,1,0,0,323,1
46590,0,20,2,3,0,0,727.5,0
46598,1,54,3,3,0,0,49.6,0
46643,0,18,1,2,0,1,54.2,0
46666,1,67,3,4,0,0,1081.4,0
46686,1,22,2,2,0,1,102.8,1
46690,0,54,1,3,0,0,380.1,0
46747,0,23,2,2,0,1,732.6,1
46792,1,60,3,3,1,0,105.2,0
46824,1,43,1,5,1,1,54.2,0
46847,1,67,1,4,0,0,182.3,0
46852,1,19,3,5,0,1,1078.5,1
46885,1,39,3,3,0,0,1080.1,0
46963,1,67,2,3,0,0,688.2,0
46987,1,21,2,1,1,0,40.7,1
47032,0,54,2,3,1,1,146.1,0
47053,1,18,2,2,0,0,251,1
47088,1,18,2,3,0,1,130,0
47131,1,68,3,5,1,0,983.4,0
47155,0,19,2,1,0,0,50.9,1
47170,0,57,2,3,0,0,709.8,1
47212,0,19,2,2,0,0,42.5,1
47231,0,68,2,4,0,0,227,1
47253,0,39,3,5,0,0,119.8,0
47273,1,68,2,4,0,0,733.7,1
47300,0,68,1,4,0,0,131,0
47310,0,26,2,3,0,0,586.7,1
47322,0,68,2,3,0,1,719.1,1
47346,0,30,2,1,0,0,329.5,1
47364,0,49,1,3,0,1,143,0
47397,0,49,1,3,0,0,384.1,0
47411,1,18,1,5,0,0,329.5,0
47421,0,32,1,1,0,0,38.8,0
47440,0,30,1,5,0,0,237.7,0
47462,0,51,2,3,0,0,688.2,0
47474,0,67,2,4,1,0,102.8,1
47485,0,21,3,5,0,0,289.1,0
47510,1,18,1,3,0,0,237.7,0
47542,1,18,1,5,0,0,264.4,0
47547,1,67,3,4,0,0,201.6,0
47621,0,32,3,3,0,0,359,0
47667,1,18,3,5,0,0,289.1,0
47672,0,43,1,3,1,0,47.6,0
47695,1,19,2,2,1,0,735,1
47723,1,18,1,5,0,1,35,0
47739,0,68,3,4,0,1,643.2,0
47797,0,56,3,3,0,1,81.8,0
47809,1,21,1,1,0,0,289,0
47819,0,29,2,1,0,0,640,1
47826,0,57,1,3,0,1,223.9,1
47847,1,68,2,3,1,0,329.5,1
47858,0,19,1,2,1,0,37.9,0
47883,1,19,2,3,0,0,730.7,0
47887,0,65,3,5,0,0,918.4,0
47910,0,68,1,5,0,0,361.6,0
47934,1,65,3,4,0,0,830.9,0
47965,0,18,3,3,0,0,37.7,0
47977,1,39,1,3,0,0,383.8,0
47992,0,68,3,3,0,0,105.2,0
48008,0,20,3,3,0,0,1076.4,0
48023,1,27,2,5,1,1,722.5,1
48077,0,21,1,3,0,1,109.2,0
48088,0,33,3,5,0,0,72.7,0
48163,0,68,1,4,0,0,289,0
48180,1,53,1,3,0,1,82.5,0
48187,0,27,1,3,0,0,63.3,0
48222,1,67,2,3,0,0,251,0
48240,0,43,3,3,0,0,1073.7,0
48263,1,57,2,3,0,0,130,1
48298,1,32,2,5,0,1,727.5,1
48317,1,21,1,2,1,1,223.9,1
48374,0,62,2,4,0,0,733.2,0
48513,1,39,1,3,0,0,356.7,0
48538,0,29,2,3,0,0,732.6,0
48563,0,20,3,1,1,0,119.8,1
48567,0,68,2,5,1,0,47.5,1
48592,1,45,1,3,0,0,277,0
48629,1,18,3,3,0,0,65.2,0
48644,0,19,2,5,0,0,733.2,0
48667,0,59,2,3,0,0,731.7,0
48686,0,57,2,3,0,0,146.1,0
48709,0,68,1,4,1,1,382.8,0
48742,0,19,2,2,0,0,412.9,1
48764,0,18,1,1,0,0,41.3,0
48777,1,68,2,4,1,0,667.2,1
48794,1,35,2,1,0,0,35,1
48819,1,49,1,3,0,0,300.3,1
48840,1,64,2,4,0,0,39.3,1
48883,1,18,1,5,0,0,351.1,0
48899,0,18,3,3,0,0,105.2,0
48908,0,57,2,3,0,0,73.4,1
48924,1,64,3,5,1,0,81.8,1
48936,1,45,2,3,0,1,725.3,1
48969,0,68,2,4,0,0,47.5,1
48999,1,67,2,4,0,0,688.2,1
49018,1,49,1,1,0,0,372.4,0
49022,1,39,2,5,1,1,204.4,1
49046,0,67,3,4,0,0,560,1
49089,1,35,2,3,0,0,719.1,0
49106,0,18,3,2,0,1,643.2,1
49130,1,68,2,4,1,0,40.7,1
49196,1,68,1,4,0,0,43,0
49218,0,24,2,2,0,1,227,1
49282,0,56,3,5,0,0,359,0
49321,0,25,3,1,0,0,830.9,1
49338,1,61,3,3,0,0,723.2,0
49359,1,66,1,4,0,1,35,1
49457,1,18,2,3,0,1,623.9,0
49525,0,39,1,3,0,1,90.5,0
49543,0,25,1,3,0,1,68.9,0
49568,0,32,2,3,0,0,696.6,0
49589,1,66,2,5,0,1,703.8,1
49602,1,65,3,4,1,1,1076.4,1
49637,1,68,1,4,0,0,182.3,0
49641,1,30,1,3,0,1,384.4,0
49673,0,18,2,2,0,0,735,1
49700,0,65,3,4,0,0,601.8,0
49736,1,19,3,3,0,0,1054.8,1
49758,0,54,2,1,0,1,565.6,1
49775,1,25,1,1,0,0,277,0
49814,0,62,3,5,0,1,359,0
49845,0,20,2,2,0,0,357.1,1
49856,0,67,1,4,0,1,384.4,0
49879,1,19,1,2,0,0,382.8,0
49903,0,60,1,3,0,1,351.1,0
49904,0,27,1,3,0,0,58.4,0
49926,0,53,1,3,1,0,210,0
49948,1,66,2,4,0,0,329.5,0
49953,0,39,2,3,1,0,40.7,1
49971,1,57,2,5,0,0,91.5,1
49979,0,62,2,4,0,1,42.5,1
49990,1,25,1,1,0,0,310.9,0
49992,1,18,1,3,0,0,361.6,0
50010,0,43,2,1,0,0,146.1,1
50026,1,66,2,4,0,0,722.5,1
50084,1,67,3,4,0,1,37,1
50105,1,49,2,1,0,1,722.5,0
50111,1,18,2,1,0,0,38.3,1
50136,0,20,3,3,0,0,1070.4,0
50152,0,67,1,4,0,0,109.2,0
50197,0,62,3,4,1,1,942.5,1
50221,0,45,1,3,0,1,90.5,0
50319,1,49,2,3,0,0,678.5,0
50330,0,21,1,3,0,1,380.1,0
50342,1,18,1,3,1,0,223.9,0
50431,0,18,3,5,0,1,1080.1,1
50434,0,19,3,5,0,0,119.8,0
50446,0,18,3,3,1,1,65.2,0
50503,1,68,2,5,0,0,38.3,0
50516,1,64,2,5,0,0,719.1,1
50558,0,29,3,1,0,0,1066.2,1
50590,1,20,1,2,0,1,35.9,1
50599,0,18,2,3,0,0,735,0
50620,1,25,3,3,0,0,177.4,0
50647,1,67,2,4,0,0,586.7,1
50683,0,22,3,2,0,0,37,1
50687,1,18,2,1,0,1,412.9,1
50721,1,62,2,4,1,0,640,1
50738,0,20,1,5,0,0,383.4,0
50748,1,23,1,3,0,0,75.3,0
50758,1,67,2,4,1,0,39.3,1
50774,0,59,3,3,1,0,723.2,0
50797,1,68,3,4,0,0,72.7,0
50807,1,63,2,4,0,0,722.5,1
50823,1,18,1,5,0,1,155.6,0
50853,1,20,1,5,0,0,365.8,0
50881,0,33,2,3,0,1,703.8,1
50897,1,18,3,3,1,1,323,1
50922,0,21,2,2,1,0,714.9,1
50946,0,18,3,2,1,0,1082.3,1
50976,1,19,2,2,0,0,696.6,1
51018,1,68,2,4,0,0,565.6,1
51040,0,60,1,5,0,0,337.5,0
51041,0,20,1,3,0,1,196.1,0
51078,1,29,1,3,0,0,36.2,0
51100,1,67,3,4,0,0,1076.4,0
51122,1,66,3,5,0,1,1082.3,1
51163,1,29,3,3,0,0,46.3,0
51182,0,21,3,3,0,0,1083,0
51209,1,21,1,1,0,0,90.5,0
51225,0,20,1,3,1,0,155.6,0
51240,0,18,2,2,0,1,733.2,1
51252,0,66,3,4,0,0,35,0
51292,1,56,3,3,0,0,683.8,1
51341,0,33,2,1,0,0,714.9,1
51386,1,19,3,1,0,1,1073.7,1
51390,1,18,1,5,0,0,119.7,0
51425,0,21,3,1,0,0,359,0
51445,0,68,1,4,1,0,382.1,0
51484,0,19,1,3,0,0,337.5,0
51514,1,21,1,2,0,0,37.2,1
51538,0,18,3,2,0,0,1080.1,0
51542,1,26,2,1,0,0,543,1
51561,0,18,3,2,0,0,1027.5,0
51563,1,65,1,5,0,1,384.1,0
51604,1,68,1,4,0,0,383.4,0
51616,1,67,1,3,0,0,168.7,0
51621,0,27,3,3,0,0,476.8,0
51643,1,56,2,1,0,0,731.7,0
51740,1,25,1,5,0,0,382.1,0
51752,1,53,2,3,0,0,519,0
51764,0,18,2,1,0,0,163.8,1
51784,1,39,3,3,0,0,257.5,0
51788,1,22,1,1,0,0,131,1
51798,0,27,3,3,0,0,1061.1,0
51821,0,37,3,1,0,0,1014.8,0
51865,1,24,1,1,0,0,372.4,0
51867,1,67,2,4,0,0,696.6,0
51909,0,24,2,2,0,0,440.5,0
51929,1,39,1,3,0,0,41.3,0
51979,1,43,1,5,0,0,277,0
51988,1,18,3,2,0,1,942.5,1
52000,1,68,2,3,0,0,81.8,1
52058,0,21,1,5,1,0,35.7,0
52094,0,68,2,3,0,0,66.2,0
52107,1,18,1,1,0,0,382.1,0
52160,0,19,3,3,1,0,1085,0
52167,1,45,2,5,1,1,719.1,1
52173,0,45,3,5,0,0,1081.4,1
52212,0,43,2,1,0,0,102.8,1
52247,0,18,2,1,0,1,44.7,0
52258,0,61,1,3,0,0,384.4,1
52260,1,59,1,3,0,1,47.6,0
52292,0,66,2,4,0,0,667.2,1
52317,0,60,2,3,0,0,183.3,1
52320,0,19,3,1,1,1,46.3,0
52338,0,67,2,3,0,0,654.5,1
52356,0,30,2,3,0,0,36.3,1
52379,0,63,3,3,0,0,761,1
52383,1,39,3,3,1,1,476.8,1
52481,1,49,3,5,1,1,436.2,1
52589,1,41,2,3,0,1,66.2,1
52632,0,62,2,3,0,0,606.2,1
52668,1,21,3,5,0,0,797,1
52720,0,18,3,5,0,0,560,0
52752,1,51,2,5,0,0,732.6,1
52796,1,37,2,3,0,0,302.5,1
52815,1,47,3,3,0,0,1000.2,0
52830,0,65,2,5,0,0,565.6,1
52833,0,19,1,5,1,0,41.3,0
52849,0,47,1,5,1,0,384.4,0
52873,0,21,2,2,0,0,42.5,1
52886,1,19,2,2,1,0,329.5,1
52893,0,21,2,5,0,0,115.6,1
52928,0,26,3,3,0,0,1054.8,0
52934,0,39,1,3,0,0,43,0
52958,1,19,1,3,0,0,37.9,0
53000,0,21,2,3,0,0,731.7,0
53014,0,18,1,5,0,0,223.9,0
53023,0,19,3,2,0,0,1070.4,0
53024,0,30,3,3,1,0,1073.7,0
53030,1,56,1,1,0,0,385,0
53088,0,54,3,1,1,1,257.5,1
53108,0,20,2,2,0,1,385,1
53139,0,32,2,3,0,0,38.3,0
53140,1,32,3,3,1,0,643.2,0
53161,0,47,3,3,1,0,49.6,0
53248,1,45,3,1,0,1,560,1
53251,0,68,3,4,0,0,65.2,0
53260,1,24,2,1,0,0,329.5,0
53269,0,41,1,5,1,0,35.7,0
53280,1,19,1,3,0,1,99.4,0
53281,1,56,2,3,1,1,329.5,1
53300,0,54,3,3,0,0,35,0
53314,0,18,3,2,0,1,136.6,1
53352,1,65,2,4,0,0,543,1
53367,1,23,3,2,0,0,1073.7,0
53384,0,18,2,3,0,0,696.6,1
53398,1,43,1,3,1,1,168.7,0
53428,0,47,2,3,0,0,733.7,0
53434,0,60,2,3,0,0,42.5,1
53448,1,62,1,4,0,0,35.9,0
53458,0,66,1,4,0,0,45,0
53517,1,37,3,5,0,0,359,0
53556,1,18,1,2,1,0,68.9,0
53574,0,18,1,2,0,0,68.9,0
53585,0,68,3,4,0,0,38.6,0
53605,0,32,2,3,0,0,37.4,1
53628,0,18,2,2,0,0,91.5,1
53643,0,68,3,4,0,1,723.2,0
53655,0,18,1,3,0,0,223.9,0
53692,1,30,2,3,1,1,678.5,1
53712,1,21,2,3,0,1,91.5,1
53718,0,64,2,4,0,0,204.4,1
53758,0,53,1,3,1,0,43,0
53826,0,18,2,2,0,1,719.1,0
53921,1,68,1,4,0,1,36.6,0
53942,1,54,2,3,0,0,623.9,1
53961,0,33,2,5,1,0,733.7,1
53966,1,64,3,3,0,0,1000.2,0
54045,1,33,3,3,0,0,289.1,0
54065,0,59,2,1,0,0,623.9,1
54083,1,65,3,4,0,1,35,1
54120,0,22,1,5,0,1,99.4,0
54160,1,47,2,1,0,0,586.7,1
54173,1,60,2,3,0,1,115.6,1
54195,0,20,1,3,0,0,50.6,0
54266,1,24,2,2,0,1,732.6,0
54289,1,65,2,4,0,0,73.4,0
54316,1,19,2,5,1,1,729.3,1
54370,0,27,1,1,0,0,384.4,0
54392,0,67,2,3,0,0,146.1,0
54401,1,25,3,3,1,1,81.8,1
54418,0,32,2,3,0,0,66.2,1
54438,0,68,3,4,0,0,257.5,0
54444,1,45,2,3,1,1,35,1
54474,0,66,3,4,0,0,1038.2,1
54491,0,33,2,3,0,0,519,0
54551,1,18,3,5,0,0,359,1
54583,1,45,3,5,0,0,228.3,1
54601,0,57,3,3,0,0,228.3,0
54626,1,43,3,3,0,1,1082.3,0
54635,0,64,2,3,0,1,467.5,1
54656,1,60,2,3,0,0,42.5,1
54672,0,68,3,3,0,0,1082.3,0
54793,0,21,3,5,0,0,257.5,0
54803,0,47,1,3,1,0,41.3,0
54838,1,32,2,3,0,0,38.3,1
54859,0,63,1,4,0,0,168.7,0
54957,1,67,2,4,1,1,640,1
54966,0,18,2,2,0,0,733.2,1
54974,0,25,3,3,0,1,1085,0
54986,0,39,2,3,0,0,732.6,1
55066,1,68,3,4,0,0,39.9,0
55084,0,68,1,3,0,0,45,0
55116,1,33,2,3,0,0,733.2,0
55179,1,18,2,3,0,0,714.9,0
55220,0,56,3,3,0,0,136.6,0
55273,1,45,2,3,0,0,654.5,1
55290,1,66,1,3,0,0,210,0
55295,0,30,1,3,0,1,37.2,0
55308,1,18,1,2,0,1,43,1
55346,1,20,2,1,0,0,719.1,1
55358,0,18,2,2,1,0,732.6,1
55415,1,18,2,1,1,0,733.2,1
55434,1,54,2,3,0,0,385,1
55446,1,19,2,2,1,0,73.4,1
55462,0,57,2,1,0,0,204.4,1
55482,1,59,2,1,0,0,329.5,0
55485,0,23,2,2,0,0,38.3,1
55509,0,23,3,2,0,0,761,1
55522,0,49,2,3,0,1,467.5,1
55550,1,60,2,1,0,0,183.3,1
55599,1,35,1,1,0,0,384.1,0
55624,0,27,1,1,0,0,378.8,0
55709,0,19,2,5,1,0,731.7,1
55738,0,33,2,1,0,1,37.4,1
55751,0,19,2,2,0,0,357.1,0
55786,1,62,2,3,0,0,36.3,1
55846,1,27,2,3,0,0,412.9,1
55857,1,37,1,3,0,0,223.9,0
55896,0,45,1,1,0,0,365.8,0
55897,0,30,2,3,1,0,276.2,0
55918,0,62,2,4,0,0,412.9,1
55962,0,67,3,3,0,0,39.9,0
55988,1,66,1,4,0,0,119.7,0
56031,0,62,3,4,0,0,49.6,0
56048,0,54,1,3,0,0,90.5,0
56079,1,19,3,1,0,0,58.9,1
56126,1,20,1,1,0,0,119.7,0
56158,1,67,1,4,0,1,63.3,0
56172,0,19,2,2,1,0,130,1
56184,1,51,2,1,1,0,654.5,1
56234,0,18,3,2,0,0,38.6,0
56236,0,59,2,3,0,0,276.2,0
56253,0,26,2,3,0,0,50.9,0
56271,1,20,1,3,0,1,289,0
56317,0,54,1,1,1,0,99.4,0
56339,1,64,1,4,0,0,264.4,0
56343,1,32,3,3,1,0,1054.8,0
56348,1,33,2,3,0,0,412.9,0
56379,0,62,2,4,0,1,565.6,1
56430,1,21,3,3,1,0,177.4,0
56435,1,57,2,3,0,1,731.7,1
56465,0,20,2,2,1,0,385,1
56476,1,33,1,3,0,0,37.2,1
56486,1,19,3,5,0,0,49.6,0
56497,0,25,2,1,0,0,302.5,1
56522,1,68,2,5,0,0,146.1,1
56544,1,39,2,1,0,0,81.8,1
56581,1,65,2,4,0,0,714.9,1
56592,1,18,2,2,0,0,37.4,0
56621,0,65,3,3,1,0,1070.4,0
56636,1,68,2,4,0,0,91.5,1
56656,1,60,3,3,0,0,1027.5,0
56698,1,43,2,5,0,0,130,0
56711,1,19,1,5,0,0,35,0
56734,1,43,1,1,1,0,109.2,0
56777,0,19,1,3,0,0,63.3,0
56807,0,32,3,3,0,0,830.9,0
56852,1,32,3,5,0,1,228.3,1
56896,1,19,3,3,0,1,37.7,1
56898,1,65,3,3,1,0,228.3,1
56913,1,67,3,4,0,0,1014.8,0
56961,0,68,2,4,1,1,719.1,1
56993,0,49,1,3,0,0,39.9,0
57018,1,18,1,3,0,0,50.6,0
57021,0,67,2,4,0,0,60.2,1
57051,1,19,2,3,0,1,251,1
57133,1,68,1,4,0,1,39.9,0
57157,1,53,3,3,1,1,476.8,1
57184,0,33,2,5,0,0,385,0
57193,1,26,1,3,0,0,37.9,0
57195,0,67,2,4,1,1,729.3,0
57254,1,56,1,3,1,0,39.9,0
57267,0,64,1,4,0,0,119.7,0
57327,1,35,1,3,0,0,39.9,0
57387,0,68,2,5,0,0,493.8,1
57405,0,18,3,5,1,1,35,1
57409,0,67,1,4,0,0,289,0
57452,0,27,2,3,0,0,519,1
57505,0,68,2,4,0,1,727.5,1
57553,0,25,3,1,1,1,119.8,0
57575,1,66,2,4,0,1,623.9,1
57616,0,18,1,5,0,0,356.7,0
57633,0,54,2,3,0,0,42.5,0
57647,1,41,1,1,0,0,82.5,0
57682,1,21,1,2,0,1,41.3,0
57709,1,56,2,5,0,1,50.9,1
57748,0,29,1,3,1,0,237.7,0
57762,1,39,1,1,0,0,35.9,0
57772,0,18,1,5,0,0,131,0
57791,0,68,2,4,0,0,729.3,1
57817,0,33,1,1,1,0,289,1
57832,0,20,3,2,0,0,797,0
57839,1,67,2,4,0,0,725.3,1
57861,1,51,1,3,0,0,300.3,0
57899,1,19,1,1,0,1,109.2,0
57914,0,25,1,3,1,0,223.9,0
57934,0,21,1,1,0,0,109.2,0
57958,1,35,2,3,0,0,130,1
57981,0,68,2,4,0,1,735,1
57997,1,41,2,1,0,0,732.6,0
58051,0,26,1,5,0,1,35.7,1
58062,1,21,1,5,0,0,131,0
58144,1,68,2,4,1,0,44.7,1
58170,0,30,1,3,0,0,37.2,0
58184,0,21,3,3,1,0,1070.4,0
58200,1,62,1,4,0,1,372.4,0
58218,0,68,2,5,0,0,66.2,0
58219,0,49,3,3,0,0,37,0
58235,0,56,2,5,0,0,44.7,1
58264,1,67,1,4,0,0,37.9,0
58280,1,25,2,3,0,0,735,0
58363,0,45,2,1,0,0,654.5,1
58367,1,66,2,4,0,0,55.1,1
58375,0,18,1,3,0,0,251.3,0
58385,1,68,2,5,0,0,302.5,1
58413,0,43,1,3,0,1,37.9,0
58436,1,29,2,3,0,0,729.3,1
58455,1,21,2,3,0,1,543,1
58467,0,49,2,1,0,0,440.5,1
58498,0,57,2,1,0,1,735,1
58516,0,29,2,5,0,0,204.4,0
58566,1,60,1,1,0,0,351.1,0
58578,1,67,2,3,0,1,50.9,1
58643,0,33,2,3,0,0,731.7,0
58671,0,19,1,1,0,0,35.9,0
58731,1,47,2,3,0,0,727.5,1
58752,1,67,2,3,0,1,733.2,0
58763,1,21,1,2,0,0,50.6,0
58772,0,53,2,3,0,0,102.8,0
58787,0,68,1,4,1,0,237.7,0
58796,0,54,1,5,0,1,47.6,0
58798,0,53,3,3,1,0,1082.3,0
58809,0,19,3,3,0,0,601.8,0
58821,1,41,1,3,0,0,131,0
58842,1,67,2,5,1,0,731.7,1
58857,0,63,1,4,0,0,210,0
58887,1,30,2,3,0,0,66.2,1
58905,1,63,2,4,0,0,565.6,1
58918,1,21,3,1,1,0,1038.2,0
58926,0,64,1,5,0,1,277,0
58965,1,39,3,3,0,1,683.8,0
58967,1,61,2,3,0,0,519,1
58971,1,53,2,3,0,0,50.9,0
58992,0,65,3,4,1,1,1070.4,0
59016,1,25,1,1,0,0,365.8,0
59028,0,18,3,2,0,0,1082.3,0
59038,1,68,2,4,0,1,714.9,1
59053,0,26,3,3,0,1,92.5,1
59067,0,25,1,3,1,0,50.6,0
59084,0,68,1,4,0,0,39.9,0
59125,0,32,3,3,0,1,136.6,1
59133,0,57,3,3,0,0,964.2,0
59190,1,19,1,2,0,1,384.4,1
59193,1,33,2,3,0,0,163.8,0
59217,0,30,3,3,0,1,1080.1,0
59222,0,19,2,5,0,1,47.5,1
59225,1,67,2,3,0,0,733.7,0
59275,0,65,3,5,1,0,72.7,1
59323,0,68,2,4,1,0,412.9,1
59381,1,64,3,5,0,0,228.3,0
59404,0,45,2,3,0,0,55.1,1
59443,1,47,2,3,0,0,709.8,1
59462,0,68,2,4,0,1,227,1
59472,1,65,1,4,1,0,119.7,0
59475,0,19,2,2,0,0,37.4,1
59504,1,18,2,3,0,1,719.1,1
59519,1,68,2,4,0,1,38.3,1
59530,0,45,1,3,0,0,168.7,0
59533,1,43,1,3,0,0,223.9,0
59589,0,27,1,1,0,0,383.4,0
59622,1,66,2,3,0,0,102.8,1
59662,0,56,2,3,0,0,729.3,0
59672,0,19,1,3,0,0,384.1,0
59703,0,19,3,2,0,1,396.8,1
59724,0,18,1,2,0,0,380.1,0
59757,1,47,3,3,0,0,1081.4,0
59788,0,62,1,4,0,1,383.4,0
59827,1,18,2,3,0,0,146.1,0
59851,0,54,2,5,0,1,732.6,0
59869,0,37,2,3,1,0,727.5,0
59892,1,45,2,5,0,0,81.8,1
59917,0,53,3,1,0,1,37,1
60038,0,68,2,5,1,0,440.5,1
60058,1,41,2,5,0,0,37.4,1
60079,0,67,1,4,0,0,41.3,0
60102,1,67,2,4,0,0,38.3,1
60122,0,33,3,1,1,1,289.1,1
60133,1,29,1,1,0,0,210,0
60217,1,51,1,3,0,0,329.5,0
60219,0,56,2,3,1,0,709.8,0
60241,1,30,2,3,0,0,36.3,0
60244,1,67,3,4,0,0,46.3,0
60278,1,53,2,3,0,0,688.2,0
60283,0,20,2,3,0,0,50.9,0
60284,0,49,3,1,0,0,72.7,1
60290,1,18,1,5,0,1,365.8,0
60311,1,68,1,5,0,1,351.1,0
60321,0,30,2,1,0,1,730.7,1
60338,1,18,2,2,0,1,183.3,1
60354,0,32,3,3,1,0,560,0
60437,0,68,2,5,0,0,727.5,1
60455,1,49,1,1,0,0,155.6,0
60466,0,18,2,2,0,0,623.9,1
60491,1,19,1,3,1,0,384.4,0
60507,0,21,3,5,0,1,1081.4,0
60531,0,51,2,1,1,0,467.5,1
60599,1,19,2,5,0,0,66.2,1
60606,0,68,1,4,0,0,372.4,0
60614,1,67,2,4,0,1,60.2,1
60653,1,27,2,3,0,0,654.5,0
60667,0,68,3,4,0,0,891.7,0
60686,0,39,1,3,1,0,361.6,0
60723,1,68,2,3,0,0,727.5,0
60753,1,63,2,5,1,0,493.8,1
60779,0,19,2,5,0,0,163.8,1
60793,0,49,2,3,0,0,606.2,0
60797,0,68,3,5,0,0,1080.1,0
60836,1,67,3,3,1,0,58.9,1
60882,0,62,2,4,0,1,703.8,1
60887,1,65,3,4,0,0,601.8,1
60894,1,18,1,5,0,0,143,0
60917,1,18,2,2,0,0,703.8,1
60961,0,18,3,5,0,0,1000.2,0
60980,0,37,2,3,0,1,81.8,1
61012,1,67,1,4,0,0,356.7,0
61033,0,43,2,5,0,1,55.1,1
61066,1,45,2,3,1,0,146.1,1
61082,0,49,1,1,0,0,37.2,0
61101,1,39,3,3,1,0,136.6,0
61132,0,18,2,2,0,0,385,1
61139,1,18,1,5,0,0,35.9,0
61159,1,21,2,2,0,0,227,1
61176,0,24,3,5,0,0,1083,0
61196,0,32,2,3,1,0,60.2,1
61259,0,19,1,1,0,0,329.5,0
61261,0,18,2,5,0,0,36.8,1
61263,1,67,2,4,0,0,102.8,1
61332,1,37,1,3,1,0,237.7,0
61370,0,47,3,3,0,0,560,0
61387,0,33,1,1,0,0,210,0
61411,1,39,2,3,1,1,703.8,1
61428,0,68,1,4,0,0,320.6,0
61446,0,65,2,5,1,0,519,1
61449,0,68,3,4,0,0,201.6,0
61456,0,68,1,5,0,0,168.7,0
61475,1,19,1,5,0,0,90.5,0
61500,0,43,1,3,0,0,47.6,0
61529,0,24,2,2,0,0,204.4,1
61552,0,29,1,5,0,0,47.6,0
61579,1,37,1,3,0,0,382.1,0
61607,0,66,1,4,0,0,356.7,0
61677,1,24,2,1,1,0,667.2,1
61716,1,65,2,3,1,0,678.5,1
61736,0,65,1,4,0,0,329.5,0
61812,1,68,1,4,0,0,361.6,0
61826,0,35,1,3,0,0,375,0
61832,0,25,2,3,0,0,329.5,0
61854,0,67,2,4,1,1,329.5,1
61860,0,67,1,5,0,0,377,0
61861,0,35,2,3,0,0,329.5,0
61902,0,45,2,1,0,0,722.5,1
61934,0,24,2,5,1,0,385,1
61956,0,64,3,3,0,0,983.4,0
61966,0,23,1,1,0,1,344.7,1
62022,1,18,2,3,0,0,640,0
62030,0,67,3,4,0,0,1066.2,0
62045,0,24,2,3,1,0,727.5,1
62099,0,19,2,3,0,0,130,0
62119,0,18,1,5,1,0,361.6,0
62139,1,68,1,4,0,1,63.3,0
62177,0,20,3,2,0,0,177.4,0
62186,0,18,3,5,0,0,257.5,0
62205,1,43,1,3,0,0,383.4,1
62269,1,54,1,3,1,0,143,0
62279,0,37,1,3,0,0,63.3,0
62304,0,64,1,4,1,1,41.3,1
62311,1,61,1,3,0,0,45,0
62348,1,53,1,1,0,1,131,0
62389,1,18,3,5,0,0,1078.5,0
62493,1,19,1,2,0,0,329.5,0
62573,0,67,3,4,0,0,891.7,0
62611,1,23,3,1,0,1,1014.8,1
62646,0,19,1,3,0,0,196.1,0
62650,1,39,1,3,0,0,337.5,0
62653,0,43,3,3,0,0,643.2,0
62726,0,54,2,3,0,0,688.2,1
62741,0,61,3,3,0,1,1082.3,1
62745,0,59,1,3,0,0,143,0
62788,0,57,3,3,0,0,1061.1,0
62814,0,32,3,3,1,1,46.3,1
62815,0,68,3,4,0,0,964.2,0
62842,0,23,1,2,1,0,372.4,0
62863,1,37,2,3,0,0,729.3,0
62884,1,57,1,1,0,1,365.8,1
62896,1,43,2,1,1,0,565.6,1
62918,0,20,2,5,0,0,640,0
62973,0,68,1,4,0,0,38.8,0
63120,0,19,1,1,0,0,337.5,0
63140,0,29,1,1,0,0,36.2,0
63153,0,66,1,5,1,0,68.9,0
63194,1,56,2,3,0,0,35,1
63211,1,68,1,4,0,0,382.8,0
63249,0,19,2,5,1,0,467.5,0
63267,0,35,1,1,1,0,237.7,0
63296,1,18,3,2,0,0,1082.3,0
63353,1,29,1,3,0,0,372.4,0
63393,1,47,1,1,0,1,58.4,1
63408,0,66,2,4,0,0,730.7,1
63426,0,21,1,2,1,0,378.8,0
63535,0,18,1,1,0,0,277,0
63547,1,67,1,4,0,0,143,0
63570,1,19,2,1,1,0,623.9,1
63578,1,20,2,2,0,0,50.9,1
63582,1,59,2,1,0,0,302.5,1
63622,0,68,2,5,1,0,412.9,1
63632,1,27,1,3,0,0,35.9,0
63658,1,67,1,3,0,0,36.2,0
63667,1,65,2,3,1,0,412.9,1
63707,0,67,2,5,1,0,696.6,1
63727,0,66,2,4,0,0,730.7,0
63735,0,66,3,4,1,1,323,1
63758,0,62,2,4,1,0,204.4,0
63774,0,67,2,4,0,0,115.6,1
63786,1,20,2,5,0,1,36.8,0
63846,0,35,3,3,0,0,1027.5,1
63870,0,18,2,2,1,1,44.7,1
63894,1,49,2,1,0,0,735,1
63908,0,60,1,3,0,1,35.7,0
63926,0,35,3,3,1,0,476.8,0
63953,1,23,3,3,0,0,359,0
63976,0,62,1,4,0,0,131,0
63981,0,41,3,5,0,0,1070.4,0
63996,0,33,1,3,1,0,36.2,0
64004,1,47,1,5,0,0,38.8,0
64025,1,59,1,3,0,0,36.2,0
64061,1,33,3,3,0,0,257.5,0
64080,1,51,2,1,0,0,81.8,0
64115,1,27,2,3,0,0,44.7,1
64130,0,57,2,1,0,0,688.2,0
64148,1,23,2,2,0,0,37.4,1
64173,1,35,3,3,0,1,1000.2,0
64190,1,19,1,3,0,0,337.5,0
64206,1,66,3,4,0,0,39.9,0
64209,1,22,3,3,0,1,797,0
64232,0,68,1,4,0,1,264.4,0
64238,1,19,2,1,0,0,623.9,1
64250,1,64,1,5,0,0,109.2,0
64253,1,39,2,3,1,0,50.9,1
64277,0,56,3,3,0,0,436.2,0
64283,0,67,2,5,1,0,102.8,1
64294,0,51,1,1,1,1,210,1
64316,1,32,2,3,0,1,146.1,1
64336,1,54,3,3,0,0,1054.8,0
64361,0,32,1,1,1,1,210,1
64375,0,67,1,4,0,1,300.3,0
64382,1,24,2,5,0,1,44.7,1
64402,1,26,1,3,1,0,289,0
64424,0,39,2,3,0,0,81.8,1
64465,1,35,2,3,0,0,493.8,1
64482,1,21,3,2,0,1,1081.4,1
64487,1,68,3,4,0,0,289.1,1
64518,0,43,3,3,0,0,1073.7,0
64580,0,20,3,2,0,0,1054.8,1
64601,1,67,3,4,0,0,1083,0
64602,1,35,3,1,1,0,1027.5,1
64624,0,57,1,3,0,0,182.3,0
64739,0,68,1,4,0,0,36.2,0
64750,1,26,2,3,0,0,227,0
64775,0,18,3,5,0,0,43.6,0
64783,0,43,3,3,0,0,830.9,0
64801,0,62,1,5,0,0,155.6,0
64807,0,65,2,4,0,0,91.5,1
64818,1,53,2,1,0,0,729.3,0
64854,1,19,3,5,0,0,1014.8,0
64872,1,67,1,4,0,0,344.7,0
64885,0,59,3,3,0,0,1070.4,0
64893,0,27,1,3,0,1,361.6,0
64910,1,68,2,4,0,0,40.7,1
64926,1,19,2,2,0,0,730.7,1
64942,0,39,1,1,0,0,365.8,0
64975,0,20,1,5,0,1,264.4,0
64985,1,32,3,3,1,0,1000.2,0
65004,1,21,1,3,0,1,210,0
65028,1,18,3,5,1,0,1083,1
65072,0,67,1,4,0,0,54.2,0
65081,0,41,2,3,0,0,60.2,0
65094,0,21,3,5,0,0,560,0
65104,1,61,2,3,0,0,565.6,0
65131,1,45,3,3,0,0,1054.8,0
65182,1,30,2,3,0,0,36.3,1
65274,1,68,1,5,0,0,131,0
65325,1,19,3,5,0,0,643.2,0
65343,0,62,2,4,0,0,60.2,1
65367,0,67,3,5,0,0,136.6,0
65387,0,30,1,3,0,0,54.2,0
65412,0,27,2,3,0,0,38.3,0
65435,1,63,3,5,0,0,1027.5,1
65448,1,68,2,5,1,0,130,0
65460,1,20,1,2,0,0,264.4,1
65480,0,19,3,2,0,0,53.8,0
65498,1,68,2,4,1,0,227,1
65513,1,63,2,4,0,0,703.8,1
65537,0,47,1,3,0,0,36.2,0
65548,0,35,1,1,0,0,237.7,0
65674,0,18,3,3,1,1,289.1,0
65680,0,68,3,4,0,0,1014.8,0
65701,0,18,1,1,0,0,99.4,0
65725,0,27,2,3,0,0,730.7,0
65734,1,27,2,3,1,0,227,1
65753,0,18,3,2,1,0,1080.1,0
65761,1,19,2,3,0,1,55.1,1
65802,0,57,2,3,0,0,55.1,0
65846,1,19,2,2,0,0,115.6,1
65877,1,65,2,4,0,0,38.3,1
65922,1,18,2,5,0,0,565.6,1
65947,1,64,3,5,0,0,560,1
65972,0,45,3,5,0,0,1078.5,0
65978,0,59,2,3,0,0,81.8,1
65986,0,63,3,5,1,0,964.2,0
66038,0,29,3,1,0,0,1047.3,1
66057,0,20,1,3,0,0,356.7,0
66081,1,53,3,3,0,0,1047.3,0
66094,1,60,2,3,0,0,735,1
66111,0,68,1,5,0,0,63.3,0
66116,0,23,3,1,0,0,49.6,0
66165,0,56,2,3,0,0,709.8,1
66220,1,61,2,3,0,0,714.9,1
66255,1,19,2,5,0,0,714.9,1
66280,0,18,2,2,1,0,696.6,1
66324,1,18,3,1,0,1,891.7,0
66343,1,19,2,5,0,0,719.1,1
66346,0,67,1,4,0,0,109.2,0
66347,0,47,2,3,0,0,467.5,0
66358,0,19,1,2,1,0,36.6,0
66373,0,53,3,5,0,1,1070.4,1
66396,1,19,1,3,0,0,329.5,0
66455,1,18,2,5,0,1,733.2,1
66468,0,22,1,2,0,0,99.4,0
66489,1,19,1,3,0,0,300.3,0
66510,1,66,2,4,0,0,35,1
66540,1,22,2,2,1,0,357.1,1
66563,1,66,2,5,0,0,733.2,1
66588,0,54,2,3,0,0,39.3,0
66615,0,47,3,5,1,0,518.2,0
66689,1,19,3,2,0,0,1070.4,0
66720,0,30,2,3,0,0,37.4,0
66815,0,68,2,4,0,0,586.7,0
66866,1,68,3,4,1,0,891.7,0
66867,0,21,2,3,1,1,714.9,1
66879,1,67,1,3,1,1,361.6,0
66912,1,62,3,3,0,0,1080.1,0
66934,0,19,3,1,0,0,1027.5,1
66955,0,41,1,5,0,0,143,0
66956,1,53,2,3,0,0,40.7,1
66978,0,62,2,4,0,0,183.3,1
67006,0,21,1,1,0,0,36.6,0
67045,1,27,2,3,0,0,102.8,0
67053,1,19,3,2,0,0,1076.4,0
67061,1,26,3,1,0,0,323,1
67092,0,33,2,1,0,0,40.7,1
67113,1,18,2,2,1,0,81.8,1
67130,1,53,1,5,0,0,380.1,0
67218,0,67,1,4,0,0,277,0
67222,1,26,3,3,1,0,35,0
67241,1,21,2,1,0,0,440.5,1
67244,1,66,2,4,1,0,40.7,1
67281,1,21,3,5,0,1,643.2,1
67303,0,23,2,2,1,0,73.4,1
67347,1,26,2,3,0,0,714.9,1
67348,0,66,2,4,0,0,385,1
67362,1,21,1,5,0,0,41.3,0
67397,0,59,3,1,0,0,201.6,1
67419,1,68,2,5,0,0,66.2,1
67436,0,56,1,3,0,0,119.7,0
67478,1,64,1,5,1,1,63.3,1
67502,0,27,2,3,0,0,731.7,0
67511,0,63,1,4,0,0,385,0
67534,0,67,3,4,0,0,1081.4,0
67563,0,67,2,4,1,0,467.5,1
67573,0,37,3,1,1,0,1078.5,0
67595,0,29,3,3,0,0,1066.2,0
67620,0,68,3,4,0,0,1073.7,0
67622,0,35,3,3,0,1,1047.3,0
67636,1,51,3,3,0,0,119.8,0
67657,0,37,2,1,0,0,729.3,0
67662,0,67,2,4,0,0,640,1
67667,0,25,1,3,0,0,251.3,0
67732,0,37,2,3,0,0,727.5,0
67790,0,18,1,2,0,0,375,0
67819,0,51,3,3,0,1,436.2,0
67826,1,56,1,1,0,0,58.4,0
67846,0,22,2,2,0,0,91.5,1
67853,0,18,2,2,0,0,727.5,1
67858,0,37,3,3,1,0,797,0
67900,1,20,2,2,0,0,623.9,0
67907,0,18,2,3,0,0,357.1,0
67917,1,68,1,5,0,0,90.5,0
67939,1,49,2,1,0,0,227,1
67960,0,57,2,3,0,0,37.4,0
67968,0,24,3,3,1,0,289.1,0
68026,1,20,1,1,0,0,300.3,0
68050,1,67,1,4,1,0,50.6,0
68094,1,33,2,3,0,0,329.5,0
68120,0,37,1,3,1,0,310.9,0
68140,0,26,3,3,0,0,155.8,0
68159,1,21,3,2,0,0,1014.8,0
68167,0,18,2,5,0,0,667.2,1
68189,1,68,2,4,0,1,735,1
68233,0,29,2,3,0,1,357.1,1
68251,1,68,3,4,0,0,1027.5,0
68331,0,33,2,1,1,0,735,1
68430,0,54,3,3,0,0,436.2,0
68489,1,67,2,4,0,0,50.9,1
68508,1,56,2,3,0,0,44.7,1
68550,1,61,1,3,1,0,210,0
68567,1,67,1,4,0,1,382.8,0
68582,0,68,2,3,0,0,493.8,0
68606,1,23,3,3,0,0,942.5,1
68626,0,21,2,5,0,0,204.4,0
68690,0,45,1,1,0,1,372.4,0
68700,0,56,2,3,0,0,81.8,0
68704,1,61,2,3,1,0,39.3,1
68795,0,67,1,4,0,0,50.6,0
68812,1,18,2,1,0,0,55.1,1
68828,1,20,1,2,1,0,35,0
68837,1,18,2,5,0,0,91.5,1
68885,1,23,1,5,0,1,90.5,1
68905,0,30,2,3,0,0,204.4,0
68926,1,56,2,1,0,0,276.2,1
68985,0,64,2,4,0,0,412.9,1
69074,0,35,1,3,0,1,58.4,0
69097,0,19,1,5,1,0,68.9,0
69116,1,41,1,5,1,1,196.1,0
69133,1,68,2,4,0,0,731.7,1
69146,1,56,1,5,0,1,383.4,0
69181,1,32,1,3,0,0,384.4,0
69195,1,21,1,2,1,0,320.6,1
69215,1,35,3,3,0,0,37.7,0
69273,1,45,1,1,0,0,54.2,0
69286,0,19,3,3,0,0,1085,0
69329,0,47,1,3,0,0,37.2,0
69353,0,68,2,4,0,0,565.6,0
69391,0,68,3,4,0,1,41.5,1
69404,0,62,3,4,0,1,942.5,1
69415,0,20,2,1,1,1,688.2,1
69418,1,29,3,1,0,0,1078.5,1
69454,0,68,3,4,1,0,58.9,0
69487,1,67,3,5,1,0,1061.1,0
69500,0,62,2,4,1,0,412.9,1
69526,0,41,1,1,0,0,143,1
69539,0,43,1,3,1,0,68.9,0
69583,0,27,2,3,0,0,667.2,1
69615,1,19,1,5,0,1,385,0
69634,1,54,3,3,0,0,1047.3,0
69678,0,53,2,1,0,1,36.8,1
69687,0,47,3,3,0,0,72.7,0
69716,0,57,3,1,0,1,35,0
69729,0,64,3,4,1,0,119.8,1
69731,1,20,2,1,0,0,276.2,1
69742,0,30,2,1,0,1,40.7,1
69784,1,68,1,5,1,1,361.6,0
69785,0,68,1,5,0,1,119.7,0
69796,1,53,2,5,0,0,35,1
69817,1,26,1,3,0,0,210,0
69837,1,68,2,5,0,0,130,1
69843,0,19,1,2,0,0,75.3,0
69871,0,21,1,2,0,0,329.5,0
69887,0,19,1,3,0,0,54.2,0
69901,0,67,3,3,0,0,830.9,0
69933,1,57,3,5,1,0,560,0
69939,0,24,3,1,0,0,1000.2,1
69946,1,68,3,4,0,0,560,0
69956,0,57,2,5,0,0,688.2,1
70002,1,64,3,5,1,0,862.5,1
70020,0,68,3,4,0,0,1066.2,0
70055,1,19,3,2,0,1,1038.2,1
70064,0,18,3,3,0,0,53.8,0
70119,0,18,1,5,0,1,58.4,0
70134,1,67,2,5,0,0,60.2,1
70150,0,61,2,1,0,1,412.9,1
70200,1,65,2,4,1,0,55.1,1
70222,0,22,2,3,0,0,163.8,0
70225,1,25,1,3,0,0,155.6,0
70254,0,19,1,2,0,0,131,0
70269,0,54,2,3,0,1,729.3,1
70290,1,67,1,4,0,0,382.1,0
70325,1,18,3,3,1,1,228.3,1
70341,1,67,3,4,0,0,830.9,0
70362,1,54,2,3,0,0,732.6,0
70368,0,60,2,5,1,0,440.5,1
70369,1,24,2,5,0,0,91.5,1
70385,1,66,2,4,0,1,55.1,0
70408,1,49,3,3,0,0,38.6,1
70429,0,49,3,1,1,0,359,1
70478,0,49,1,1,0,0,63.3,0
70494,0,21,3,3,0,0,1054.8,0
70514,0,67,1,4,0,0,75.3,0
70529,0,21,1,1,0,1,378.8,0
70580,0,18,1,1,1,0,382.1,0
70587,1,67,3,4,0,0,37,1
70634,0,24,3,5,0,0,964.2,0
70655,0,61,1,3,0,0,58.4,0
70662,0,18,1,2,0,0,384.1,0
70681,0,39,1,3,0,0,37.9,0
70730,0,20,1,3,0,0,143,0
70770,1,54,3,3,0,0,1047.3,0
70790,0,61,3,3,0,0,81.8,0
70837,1,18,3,2,0,1,683.8,1
70856,0,68,1,4,0,1,385,0
70898,1,18,1,1,0,0,47.6,0
70919,1,67,2,4,1,1,42.5,1
70930,1,68,2,5,0,1,519,1
70931,0,18,2,3,0,0,696.6,0
70956,1,67,3,4,0,0,830.9,0
70991,0,25,3,3,0,0,155.8,0
71002,0,23,2,5,0,0,73.4,0
71012,1,19,1,2,1,0,310.9,0
71036,0,19,3,5,0,0,39.9,0
71040,0,18,1,2,1,0,251.3,0
71057,1,39,1,3,0,0,35,1
71065,1,18,1,2,0,1,47.6,0
71124,1,54,2,3,0,0,36.3,1
71155,1,21,2,1,1,0,385,1
71202,0,20,3,5,0,0,37,0
71227,0,19,2,3,1,1,357.1,1
71272,1,35,2,3,1,1,733.2,1
71296,0,18,3,3,0,0,37.7,0
71360,0,43,2,3,0,0,730.7,1
71366,1,66,3,4,0,0,58.9,0
71404,1,68,2,5,1,1,102.8,1
71426,0,18,2,1,0,0,66.2,1
71446,0,56,1,3,0,0,182.3,0
71473,1,18,1,2,0,1,365.8,0
71506,1,67,1,4,0,0,223.9,0
71522,0,68,2,4,0,1,732.6,0
71569,0,30,3,3,0,0,43.6,0
71612,0,45,2,3,0,0,733.7,0
71631,0,47,1,1,0,1,155.6,0
71654,0,21,2,5,1,1,412.9,1
71678,1,68,3,4,0,1,1073.7,1
71717,1,54,1,3,0,0,300.3,0
71751,1,26,1,5,0,0,384.1,0
71776,0,67,1,5,1,0,378.8,0
71812,1,39,1,5,0,0,155.6,0
71862,0,65,1,4,0,0,37.2,0
71882,1,57,2,3,0,0,91.5,1
71893,1,59,2,3,0,0,47.5,1
71907,1,24,2,2,1,0,623.9,1
71919,0,27,1,1,1,1,39.9,0
71957,1,18,2,1,0,0,227,1
71961,1,26,1,3,0,0,75.3,0
71969,0,54,2,3,0,1,640,0
72009,1,27,1,3,1,0,385,0
72018,1,47,2,3,0,0,102.8,0
72034,1,19,1,2,0,1,35,0
72058,1,27,3,1,1,1,1076.4,1
72059,0,63,2,3,1,0,115.6,1
72078,0,21,2,2,0,0,227,0
72089,0,33,2,5,0,0,115.6,0
72097,1,67,2,4,0,1,709.8,1
72106,1,30,1,1,0,1,337.5,0
72127,1,20,1,2,0,0,384.1,1
72137,0,68,2,4,0,0,722.5,1
72140,0,56,2,1,0,0,703.8,1
72144,1,18,2,1,0,1,731.7,1
72166,1,56,1,1,0,0,75.3,1
72188,1,66,1,4,0,0,320.6,0
72200,0,68,1,4,0,0,380.1,0
72254,0,24,1,3,0,0,378.8,0
72303,0,60,2,5,0,0,40.7,1
72330,1,45,3,3,0,0,323,1
72350,1,22,2,2,0,1,329.5,1
72373,1,68,3,3,0,0,683.8,0
72412,1,19,2,2,0,0,81.8,1
72432,0,26,1,1,0,0,351.1,0
72495,1,49,1,3,0,0,361.6,0
72504,1,65,2,4,0,1,42.5,1
72525,0,20,2,3,0,1,146.1,1
72600,0,19,1,5,0,0,384.1,0
72638,1,67,1,5,1,0,38.8,0
72679,1,64,3,4,0,0,41.5,0
72684,1,23,1,1,0,0,369.4,0
72695,0,47,3,3,0,0,257.5,0
72701,0,66,1,4,0,0,143,0
72721,0,19,3,1,1,1,65.2,1
72735,1,19,2,2,0,0,276.2,1
72738,1,21,3,3,1,0,92.5,1
72825,0,45,2,3,0,0,227,1
72872,1,32,3,5,0,0,289.1,0
72908,0,68,1,5,0,0,36.6,0
72922,0,18,1,2,0,1,82.5,0
72943,1,21,2,1,1,0,91.5,0
73009,0,39,2,1,0,0,733.2,1
73035,0,67,2,3,0,0,115.6,1
73052,1,18,1,3,0,0,35,0
73057,0,65,2,4,0,0,731.7,1
73084,1,21,1,2,0,0,210,0
73108,1,45,2,3,0,0,654.5,0
73117,1,18,2,1,1,0,91.5,1
73135,0,22,1,2,0,0,264.4,0
73182,1,19,2,2,0,0,37.4,1
73193,1,47,3,3,0,1,436.2,0
73218,0,19,1,5,1,0,361.6,0
73237,1,21,1,3,0,0,90.5,0
73245,1,68,3,5,0,1,119.8,1
73258,1,18,1,2,0,0,41.3,0
73295,0,51,3,1,0,0,1000.2,1
73329,0,18,2,3,1,0,115.6,0
73374,0,53,3,1,0,1,396.8,1
73377,1,60,1,3,0,0,375,0
73390,0,59,1,3,0,1,223.9,0
73399,0,63,2,4,0,1,81.8,1
73402,0,18,2,5,0,1,40.7,0
73405,1,19,1,5,0,0,36.6,0
73422,0,51,1,3,0,0,378.8,0
73463,1,67,3,4,0,1,1073.7,1
73485,1,33,3,3,0,0,1070.4,0
73500,0,29,1,3,0,0,37.9,0
73522,0,19,2,5,0,0,357.1,1
73543,1,21,2,5,0,0,91.5,1
73582,1,61,2,3,0,0,678.5,0
73601,0,29,2,5,0,0,412.9,0
73690,0,21,2,3,0,0,276.2,0
73742,1,45,2,5,0,0,130,1
73772,1,56,3,3,0,0,58.9,0
73797,1,66,1,4,0,0,35.9,0
73814,0,33,1,3,0,1,35.9,0
73854,1,59,1,1,0,0,383.4,0
73860,0,26,3,1,0,0,1066.2,1
73870,0,35,1,3,0,0,300.3,0
73898,1,19,2,2,0,0,227,1
73975,1,20,1,5,1,0,223.9,0
74000,0,43,2,3,1,0,102.8,0
74041,0,66,3,3,0,0,1066.2,0
74108,1,65,1,4,0,0,143,0
74181,1,62,3,4,0,1,289.1,1
74215,1,49,2,3,0,0,73.4,0
74264,1,68,3,4,0,0,119.8,1
74273,0,32,3,1,0,0,476.8,1
74279,1,43,3,3,0,0,1000.2,0
74307,0,41,3,3,0,0,1076.4,0
74329,0,57,3,3,0,1,1076.4,0
74338,1,66,1,4,0,1,155.6,0
74351,1,26,2,3,0,0,146.1,0
74392,1,60,2,3,0,0,204.4,0
74407,0,57,3,3,0,0,119.8,0
74426,0,68,3,4,0,0,359,1
74474,0,37,2,3,0,0,227,0
74556,1,68,3,4,0,0,518.2,0
74591,1,19,1,2,0,0,382.1,0
74606,0,64,2,5,0,0,130,1
74610,0,68,1,4,1,0,41.3,0
74637,0,67,2,3,0,0,696.6,0
74649,1,39,2,1,1,0,519,1
74673,1,21,1,2,0,0,37.2,0
74697,0,20,2,3,0,0,586.7,1
74716,0,21,2,3,0,0,227,0
74739,0,29,3,3,1,0,46.3,0
74745,0,67,2,4,0,0,640,1
74771,0,68,3,4,0,0,1027.5,0
74794,0,62,3,4,1,0,643.2,0
74824,0,63,3,4,0,0,289.1,0
74842,1,65,2,5,1,1,357.1,1
74904,0,19,2,2,0,0,102.8,1
74910,1,68,3,4,0,0,257.5,0
74980,0,35,3,3,0,0,119.8,0
75021,1,67,3,4,0,0,983.4,1
75040,0,66,2,5,0,0,606.2,0
75055,0,18,1,5,1,0,50.6,0
75082,1,63,2,5,0,0,91.5,1
75165,0,21,2,1,1,0,163.8,0
75170,1,26,3,5,0,0,92.5,0
75209,1,60,3,3,0,1,35,0
75214,1,56,2,1,0,0,654.5,1
75260,1,26,3,3,0,0,891.7,0
75284,0,19,1,2,0,0,356.7,0
75287,0,35,1,3,0,0,196.1,0
75298,0,19,1,3,0,1,356.7,0
75308,0,19,2,3,0,0,493.8,0
75327,1,67,1,4,0,0,50.6,0
75337,0,67,1,4,0,1,196.1,0
75339,0,20,1,2,0,0,382.8,0
75363,1,54,2,3,0,0,654.5,0
75364,1,65,3,4,0,0,1000.2,0
75419,0,19,2,3,0,0,204.4,0
75434,0,19,1,1,1,0,380.1,0
75473,0,57,1,3,0,0,385,0
75537,1,67,1,3,0,0,264.4,0
75579,0,30,2,3,1,1,37.4,0
75583,1,49,2,3,0,0,163.8,0
75597,1,65,2,5,0,1,640,1
75605,0,51,1,3,0,1,361.6,0
75646,0,66,2,5,0,0,146.1,1
75664,1,18,2,3,0,0,667.2,1
75697,0,47,3,5,1,0,1054.8,0
75719,0,18,2,2,0,0,385,1
75739,0,67,1,3,0,0,75.3,0
75766,0,57,2,3,0,0,47.5,0
75767,0,56,1,3,0,0,68.9,0
75789,1,59,2,5,0,0,703.8,1
75901,1,57,3,3,0,1,58.9,0
75910,1,19,1,1,0,1,329.5,0
75920,1,47,1,1,0,0,365.8,1
75923,1,24,3,5,0,0,35,0
75934,0,18,1,5,0,0,43,0
75978,1,19,2,3,0,1,36.8,1
75982,1,65,3,4,0,0,1078.5,1
76028,0,66,1,4,0,0,119.7,0
76067,0,41,3,3,1,0,1000.2,0
76078,0,21,2,2,0,0,730.7,1
76082,0,30,2,3,0,0,102.8,0
76120,1,39,3,3,1,1,289.1,1
76126,0,67,2,4,0,0,115.6,1
76159,1,35,2,3,0,1,36.3,1
76160,1,18,1,5,0,0,310.9,0
76169,1,65,3,4,0,1,1000.2,1
76193,0,21,2,1,1,0,44.7,0
76217,0,59,1,5,0,0,90.5,0
76237,0,67,1,4,0,1,381.3,0
76269,0,63,3,4,0,0,1080.1,0
76311,0,68,2,4,0,0,735,1
76336,0,68,1,3,1,1,38.8,0
76387,0,66,2,5,0,1,729.3,1
76397,1,35,1,3,0,1,369.4,1
76405,1,18,2,5,1,0,440.5,1
76439,1,19,1,3,0,0,377,0
76468,0,67,2,3,0,0,586.7,0
76502,1,20,1,2,0,0,378.8,0
76512,0,47,1,3,0,0,384.1,0
76520,1,47,2,3,0,1,730.7,1
76546,1,63,2,4,0,0,36.3,1
76582,0,62,1,4,1,1,54.2,0
76603,0,64,1,5,0,1,39.9,0
76606,1,47,2,3,0,0,329.5,1
76657,0,65,2,4,1,0,493.8,1
76661,0,47,1,3,0,0,43,0
76696,0,22,3,5,0,0,257.5,0
76719,1,67,1,3,0,0,365.8,0
76729,1,65,1,3,0,0,119.7,0
76749,0,65,1,4,0,0,82.5,0
76761,0,68,2,3,0,0,50.9,0
76831,1,25,1,3,0,1,381.3,0
76832,0,68,1,4,0,0,168.7,0
76846,0,19,2,2,1,1,329.5,1
76851,1,68,1,4,0,0,35,0
76859,1,33,2,3,0,0,623.9,0
76892,0,68,1,3,0,0,382.8,0
76914,1,19,3,3,1,0,1080.1,0
76918,0,37,2,1,0,0,688.2,1
76942,0,66,2,4,0,0,733.7,1
76975,0,54,2,3,1,0,467.5,1
77024,1,66,3,4,0,0,43.6,0
77033,1,49,3,3,1,0,1061.1,0
77068,1,21,3,2,0,0,918.4,0
77108,0,18,2,3,0,0,714.9,0
77135,1,41,2,3,0,1,130,0
77155,0,51,2,3,0,0,640,0
77187,1,25,2,3,0,0,493.8,1
77207,1,64,2,4,0,0,678.5,1
77222,0,18,1,5,0,0,82.5,1
77315,0,32,1,3,0,0,383.8,1
77324,1,43,2,3,0,0,709.8,1
77329,1,18,2,1,0,0,696.6,0
77349,1,19,1,3,1,0,223.9,0
77408,1,57,1,1,0,0,356.7,0
77415,0,18,2,2,0,0,543,1
77431,0,68,2,3,1,0,251,1
77468,0,67,1,4,0,0,47.6,0
77506,0,19,1,3,0,0,37.9,0
77564,1,29,2,5,0,0,729.3,0
77587,1,45,3,5,0,0,436.2,1
77610,1,39,3,3,0,0,43.6,1
77627,0,68,3,4,0,0,476.8,0
77741,0,68,1,5,0,0,383.8,0
77753,0,68,1,3,1,1,375,0
77785,1,35,3,3,1,1,136.6,0
77810,0,18,3,2,0,1,155.8,1
77819,1,67,3,4,0,1,105.2,0
77824,1,51,3,3,0,0,92.5,0
77858,1,19,1,3,0,0,277,0
77896,0,68,2,5,0,1,586.7,1
77905,1,24,3,2,0,1,983.4,1
77924,1,47,2,1,0,0,102.8,1
77931,0,25,2,5,0,0,565.6,1
77949,1,61,1,3,0,0,54.2,0
77985,0,20,2,1,0,0,36.8,1
77994,1,57,2,3,0,0,130,1
78002,0,18,2,3,0,0,47.5,0
78041,1,19,1,3,0,1,351.1,0
78054,1,64,1,4,0,0,223.9,0
78133,1,65,1,5,0,1,35.9,0
78137,0,67,1,5,0,0,383.8,0
78156,0,18,2,2,0,0,654.5,1
78158,0,19,3,2,0,1,1054.8,1
78176,1,67,1,4,1,0,35,0
78178,0,68,1,4,0,0,384.1,0
78197,1,64,2,4,0,0,115.6,1
78201,0,19,3,2,0,1,177.4,1
78233,0,18,3,3,0,0,964.2,0
78263,0,27,2,3,0,0,719.1,0
78278,0,25,2,3,0,0,357.1,0
78315,1,20,3,1,0,0,58.9,1
78335,0,68,1,4,0,1,35,0
78349,0,68,2,5,0,0,66.2,1
78369,1,22,3,2,0,0,1085,0
78390,0,57,2,1,0,0,55.1,1
78395,0,18,3,3,0,0,81.8,0
78412,1,47,1,5,0,0,277,0
78421,1,65,2,5,0,1,719.1,0
78495,0,47,3,3,0,1,436.2,1
78518,0,53,2,3,0,0,44.7,0
78564,1,26,2,3,0,0,703.8,1
78573,1,25,3,3,0,0,436.2,0
78629,0,68,3,5,1,0,1070.4,0
78642,1,18,3,3,0,0,601.8,0
78665,1,67,2,4,0,0,732.6,1
78688,0,41,1,3,0,0,289,0
78694,1,57,1,3,0,0,131,0
78707,0,65,1,3,0,0,277,0
78709,1,60,1,3,0,0,35.7,0
78720,1,67,1,5,0,0,289,0
78736,1,26,2,3,1,0,729.3,1
78805,1,30,2,3,0,0,38.3,1
78834,1,54,2,3,1,0,586.7,1
78892,0,64,2,4,1,0,467.5,1
78948,0,19,1,2,0,0,381.3,0
78977,1,26,3,3,0,0,201.6,0
78981,1,63,3,4,0,0,862.5,0
79012,0,27,1,3,0,0,361.6,0
79030,1,37,1,3,0,0,223.9,0
79054,1,67,2,4,0,0,357.1,1
79098,1,47,2,3,0,1,66.2,0
79101,1,30,3,5,0,1,797,1
79126,0,68,1,4,1,0,251.3,0
79176,1,65,3,4,0,0,601.8,0
79182,1,18,2,2,0,0,493.8,0
79217,0,41,1,3,0,0,82.5,0
79255,1,18,2,5,0,1,47.5,1
79292,1,67,3,4,0,0,37,1
79316,1,35,1,1,0,0,383.8,0
79338,0,49,2,3,0,0,714.9,1
79349,0,18,2,2,1,0,709.8,0
79352,1,21,2,2,0,0,115.6,1
79358,1,18,2,5,0,0,130,1
79421,0,68,3,4,0,0,72.7,1
79469,1,39,2,3,0,0,543,1
79478,1,61,3,1,0,0,1085,1
79516,0,41,3,3,0,0,862.5,0
79531,1,66,3,4,1,0,1082.3,1
79566,0,47,2,1,0,1,565.6,0
79573,0,62,2,4,0,0,519,1
79594,1,67,3,4,0,0,81.8,1
79614,0,64,1,3,0,0,155.6,0
79643,0,67,1,4,0,0,168.7,0
79675,0,68,2,4,0,0,91.5,1
79718,0,21,1,3,1,1,361.6,0
79720,1,19,3,1,0,0,1027.5,1
79745,1,29,2,3,0,0,115.6,1
79751,0,64,1,4,0,0,264.4,0
79759,0,41,3,3,0,1,1076.4,0
79786,0,57,2,3,0,0,329.5,1
79805,1,21,3,2,0,0,1083,0
79822,1,68,2,4,1,0,50.9,1
79845,1,19,1,2,0,0,35.9,0
79861,1,19,2,3,0,0,654.5,1
79899,1,65,1,4,0,0,365.8,1
79917,0,18,3,5,0,0,1083,0
79932,0,66,1,5,0,0,58.4,0
79958,0,33,2,3,0,0,55.1,1
79980,0,18,1,3,0,0,329.5,0
79993,0,32,3,3,0,0,964.2,0
80014,1,25,2,3,0,1,731.7,1
80099,1,51,3,3,0,0,43.6,0
80149,0,41,2,3,0,0,60.2,0
80203,0,18,2,2,0,1,606.2,1
80236,0,53,1,1,1,0,58.4,0
80244,0,19,1,1,0,0,329.5,0
80260,1,45,1,3,0,0,36.2,0
80284,1,22,1,2,0,1,50.6,1
80287,0,25,2,5,0,0,357.1,1
80319,0,18,3,2,1,0,1000.2,0
80335,1,68,1,3,1,1,37.9,0
80347,1,45,2,3,0,0,565.6,1
80377,1,39,1,3,0,0,68.9,0
80380,0,19,3,5,0,0,37,0
80395,0,33,2,3,0,0,146.1,1
80439,1,39,2,3,0,1,719.1,1
80465,0,67,1,4,0,0,383.4,0
80484,0,68,1,3,0,0,39.9,0
80502,1,64,2,4,0,0,39.3,1
80549,1,18,3,3,0,0,560,0
80554,0,18,3,2,1,1,601.8,1
80590,0,18,2,5,0,0,276.2,1
80640,1,35,3,3,0,1,601.8,0
80686,1,49,2,5,1,1,163.8,1
80702,0,66,1,4,0,1,35.9,0
80709,0,49,2,3,0,1,36.8,1
80714,0,20,1,2,0,0,36.2,0
80806,1,29,1,3,0,0,119.7,0
80821,0,30,1,3,0,0,43,0
80846,0,68,2,5,1,0,329.5,1
80864,0,30,2,3,1,0,329.5,1
80890,1,25,2,3,0,0,60.2,1
80906,0,18,3,3,0,0,1085,0
80938,1,63,1,4,0,0,119.7,0
80940,0,53,2,3,0,0,729.3,0
81050,1,19,3,5,0,0,53.8,0
81061,0,27,1,5,0,0,384.1,0
81079,0,19,2,2,0,0,329.5,1
81125,0,47,3,1,0,0,1070.4,1
81138,0,33,2,1,0,1,227,1
81156,1,20,2,3,0,0,60.2,1
81179,0,26,3,5,0,0,1000.2,0
81221,1,20,2,5,0,0,91.5,1
81260,1,68,2,4,0,1,731.7,1
81291,0,47,1,3,0,1,58.4,0
81297,1,29,3,3,1,0,136.6,0
81321,1,39,2,3,1,0,709.8,0
81361,0,18,1,3,0,1,131,0
81404,1,26,3,1,0,0,37,1
81415,0,20,1,5,0,0,131,0
81434,0,18,1,2,0,0,383.8,0
81455,0,66,3,4,0,1,1070.4,1
81456,0,19,3,2,0,0,1027.5,0
81457,0,19,2,5,0,0,733.7,1
81494,1,64,3,4,0,0,1083,0
81499,1,67,2,4,0,0,50.9,1
81505,0,45,1,3,0,1,329.5,0
81526,0,67,3,4,0,0,761,0
81558,0,47,1,3,0,0,143,0
81576,1,41,2,1,0,1,586.7,1
81614,1,68,3,4,0,0,119.8,0
81666,1,19,2,5,0,0,251,0
81671,1,60,2,3,0,0,440.5,0
81697,0,68,1,3,0,1,68.9,1
81698,0,24,1,2,0,0,380.1,0
81771,1,19,1,5,0,0,251.3,0
81787,0,68,3,3,0,0,723.2,0
81921,0,18,1,2,0,1,109.2,0
81981,1,37,1,1,0,0,82.5,0
81992,1,61,3,1,0,1,1070.4,1
82008,1,19,2,5,0,0,565.6,1
82013,0,47,2,3,0,0,81.8,0
82018,1,19,2,3,0,0,204.4,0
82078,0,63,3,4,0,0,1014.8,0
82149,0,62,3,3,1,0,58.9,0
82159,0,53,2,3,0,0,730.7,1
82174,0,25,2,3,0,0,519,0
82209,0,64,2,4,1,0,227,1
82220,0,65,1,3,0,0,82.5,0
82232,1,67,1,4,1,0,35.7,0
82239,1,30,3,3,0,0,1047.3,0
82251,0,18,3,1,1,0,53.8,1
82272,1,32,2,3,0,1,39.3,1
82297,1,65,2,4,0,0,440.5,0
82341,0,67,3,5,0,0,1080.1,0
82389,0,56,1,3,0,0,58.4,0
82434,0,41,2,1,0,0,35,1
82561,0,45,3,3,0,0,38.6,0
82574,1,65,3,4,0,0,918.4,0
82599,1,19,2,2,0,0,731.7,0
82609,1,67,1,4,1,0,37.9,0
82610,1,18,2,1,0,0,733.7,1
82651,0,49,1,3,0,0,143,0
82657,0,29,2,3,0,0,623.9,0
82676,1,61,3,3,0,0,201.6,0
82725,0,68,1,4,0,0,382.1,0
82739,0,68,2,5,0,1,709.8,1
82746,1,47,1,3,0,0,383.8,0
82758,0,19,2,2,0,0,146.1,1
82798,0,27,1,3,0,1,377,0
82841,1,27,1,5,0,0,41.3,0
82874,1,67,3,4,0,0,797,0
82888,0,49,1,3,0,1,375,0
82918,0,63,3,4,0,0,1014.8,0
82949,0,23,2,5,1,0,709.8,1
82962,0,18,2,2,0,0,38.3,1
82971,1,37,2,1,0,0,73.4,1
83007,0,67,3,5,0,0,723.2,0
83025,1,23,2,1,0,1,719.1,0
83034,1,21,3,2,0,1,289.1,1
83053,1,20,2,2,1,0,66.2,0
83101,0,59,3,3,1,0,38.6,0
83122,1,56,2,3,1,0,55.1,1
83156,1,20,3,2,0,0,53.8,1
83174,1,54,1,1,0,0,337.5,0
83203,1,39,2,5,1,0,227,1
83257,1,49,3,3,0,0,35,0
83276,0,32,1,3,0,0,54.2,0
83285,0,27,2,3,0,0,39.3,1
83322,1,47,1,5,0,0,35.7,0
83342,0,67,1,3,0,0,377,0
83367,0,20,2,2,0,1,733.2,1
83377,1,68,1,5,0,0,382.8,0
83378,0,68,3,4,0,0,942.5,1
83409,1,64,1,4,0,1,384.4,0
83459,0,18,2,2,1,0,678.5,1
83495,1,66,2,4,0,0,519,1
83536,0,37,2,3,0,0,36.3,0
83538,0,56,1,3,0,0,37.2,0
83561,0,68,3,4,0,0,46.3,0
83575,0,29,3,1,0,0,1038.2,0
83594,1,32,2,5,0,0,623.9,1
83608,1,21,1,1,1,0,35.9,0
83629,1,67,2,5,0,0,329.5,1
83652,1,18,1,2,0,0,337.5,0
83695,0,64,3,5,0,0,43.6,0
83725,1,68,2,4,0,1,329.5,1
83731,0,68,2,5,0,1,66.2,1
83755,1,19,3,3,1,0,177.4,0
83771,1,27,2,3,1,1,91.5,1
83786,0,64,2,3,0,0,543,0
83816,0,41,3,1,1,0,53.8,1
83835,0,41,1,3,0,1,196.1,0
83845,0,21,1,5,0,0,90.5,0
83853,1,67,1,4,0,1,41.3,1
83897,1,67,2,4,1,0,714.9,1
83929,1,57,2,3,0,1,44.7,1
83955,0,39,2,3,0,0,586.7,1
83989,0,30,3,3,0,0,1014.8,0
84028,1,18,2,3,0,0,688.2,0
84037,0,60,2,5,0,0,586.7,1
84116,0,63,2,3,0,1,35,1
84130,0,67,2,5,0,0,729.3,1
84144,0,66,3,3,0,0,323,0
84165,0,24,2,2,0,0,73.4,0
84205,1,67,1,4,0,1,168.7,0
84211,0,18,1,5,1,0,289,0
84230,0,68,1,4,0,0,351.1,0
84237,0,18,3,5,0,0,359,0
84273,0,26,3,3,0,0,476.8,0
84323,1,51,2,3,0,1,729.3,1
84338,0,29,3,3,1,0,918.4,0
84342,0,67,2,4,0,1,35,1
84350,1,32,3,3,0,0,35,1
84366,0,68,2,5,0,0,204.4,1
84379,1,53,1,3,0,0,196.1,0
84410,0,68,3,4,1,0,396.8,1
84424,1,18,3,3,0,1,683.8,0
84425,0,25,1,3,0,0,43,0
84428,1,64,2,4,0,1,543,1
84457,0,20,3,2,0,1,1047.3,1
84477,1,59,1,1,0,0,382.1,0
84479,0,33,1,5,1,1,143,0
84488,0,68,1,5,0,1,36.2,0
84509,1,53,1,3,0,0,384.4,0
84510,1,29,2,1,1,0,81.8,1
84511,1,37,2,3,0,0,66.2,1
84528,1,39,1,5,1,1,385,0
84546,0,20,2,5,0,0,678.5,1
84554,1,56,3,3,0,0,1082.3,0
84573,1,25,2,3,0,0,163.8,0
84613,1,68,3,4,0,1,1081.4,1
84643,1,29,2,3,1,0,733.7,0
84659,1,51,2,3,0,1,163.8,1
84666,1,66,1,5,0,0,372.4,0
84742,0,18,2,2,0,1,735,1
84749,0,56,2,1,1,1,719.1,1
84795,0,26,2,1,0,0,729.3,1
84797,0,37,3,1,0,0,58.9,0
84841,0,20,1,1,0,1,58.4,0
84854,0,67,2,5,0,0,73.4,1
84885,1,27,2,5,0,0,251,1
84912,0,67,2,5,0,1,40.7,1
84928,1,18,1,2,1,0,54.2,0
84949,0,27,2,3,0,0,732.6,0
84985,1,51,2,3,0,1,696.6,1
85000,1,24,1,3,0,0,36.6,0
85044,0,26,1,5,1,0,45,0
85060,0,39,2,5,0,0,42.5,1
85062,0,68,2,4,0,0,735,0
85066,1,49,1,3,1,0,41.3,0
85096,0,24,2,5,0,0,227,0
85157,0,35,2,1,0,0,412.9,1
85174,1,32,2,3,1,0,727.5,1
85237,1,20,2,3,0,0,81.8,0
85277,0,18,3,2,0,0,396.8,0
85299,1,19,2,5,0,0,709.8,1
85317,0,19,1,2,0,0,361.6,0
85330,0,37,1,3,0,0,99.4,0
85358,0,62,2,5,1,0,146.1,1
85360,0,29,2,3,1,0,36.8,0
85383,1,23,2,1,0,1,329.5,1
85401,0,30,1,5,0,0,68.9,0
85403,0,22,1,2,0,0,277,0
85424,0,68,1,4,1,0,37.9,0
85457,0,51,2,3,0,0,730.7,0
85471,1,21,2,3,0,0,146.1,0
85497,0,49,2,3,0,0,678.5,0
85534,0,54,1,3,0,0,320.6,0
85553,0,51,2,5,1,0,730.7,1
85587,0,18,3,5,0,0,155.8,0
